27
0 4253 3801 3333 9398 2433 9739 6612 5178 9309 2182 5599 8338 8129 8868 7573 7690 1707 4072 7817 892 4593 4451 3227 5137 4711 1799
4253 0 7016 2754 12613 3180 12954 9827 8393 12524 5397 8814 11553 11344 12083 10788 10905 4922 1953 11032 3779 7808 7666 6442 1298 872 4274
3801 7016 0 6096 6821 5196 7162 4035 2601 6732 2507 3022 5761 5552 6291 4996 5113 2530 6835 5240 3655 2016 1874 1712 7900 7474 4562
3333 2754 6096 0 11693 2260 12034 8907 7473 11604 4477 7894 10633 10424 11163 9868 9985 4002 2573 10112 2859 6888 6746 5522 3638 3212 3354
9398 12613 6821 11693 0 10793 687 4450 4544 991 8104 4567 1730 2073 1456 3793 3316 8127 12432 2387 9252 6567 5485 7309 13497 13071 10159
2433 3180 5196 2260 10793 0 11134 8007 6573 10704 3577 6994 9733 9524 10263 8968 9085 3102 2999 9212 1959 5988 5846 4622 4064 3638 2454
9739 12954 7162 12034 687 11134 0 4791 4885 1332 8445 4908 2071 2414 1797 4134 3657 8468 12773 2728 9593 6908 5826 7650 13838 13412 10500
6612 9827 4035 8907 4450 8007 4791 0 1758 4361 5318 1781 3390 3181 3920 2625 2742 5341 9646 2869 6466 3781 2699 4523 10711 10285 7373
5178 8393 2601 7473 4544 6573 4885 1758 0 4455 3884 745 3484 3275 4014 2719 2836 3907 8212 2963 5032 2347 1265 3089 9277 8851 5939
9309 12524 6732 11604 991 10704 1332 4361 4455 0 8015 4478 1641 1984 1367 3704 3227 8038 12343 2298 9163 6478 5396 7220 13408 12982 10070
2182 5397 2507 4477 8104 3577 8445 5318 3884 8015 0 4305 7044 6835 7574 6279 6396 911 5216 6523 2036 3299 3157 1933 6281 5855 2943
5599 8814 3022 7894 4567 6994 4908 1781 745 4478 4305 0 3507 3298 4037 2742 2859 4328 8633 2986 5453 2768 1686 3510 9698 9272 6360
8338 11553 5761 10633 1730 9733 2071 3390 3484 1641 7044 3507 0 1013 1200 2733 2256 7067 11372 1327 8192 5507 4425 6249 12437 12011 9099
8129 11344 5552 10424 2073 9524 2414 3181 3275 1984 6835 3298 1013 0 1543 2524 2047 6858 11163 1118 7983 5298 4216 6040 12228 11802 8890
8868 12083 6291 11163 1456 10263 1797 3920 4014 1367 7574 4037 1200 1543 0 3263 2786 7597 11902 1857 8722 6037 4955 6779 12967 12541 9629
7573 10788 4996 9868 3793 8968 4134 2625 2719 3704 6279 2742 2733 2524 3263 0 2085 6302 10607 2212 7427 4742 3660 5484 11672 11246 8334
7690 10905 5113 9985 3316 9085 3657 2742 2836 3227 6396 2859 2256 2047 2786 2085 0 6419 10724 1735 7544 4859 3777 5601 11789 11363 8451
1707 4922 2530 4002 8127 3102 8468 5341 3907 8038 911 4328 7067 6858 7597 6302 6419 0 4741 6546 1561 3322 3180 1956 5806 5380 2468
4072 1953 6835 2573 12432 2999 12773 9646 8212 12343 5216 8633 11372 11163 11902 10607 10724 4741 0 10851 3598 7627 7485 6261 2837 2411 4093
7817 11032 5240 10112 2387 9212 2728 2869 2963 2298 6523 2986 1327 1118 1857 2212 1735 6546 10851 0 7671 4986 3904 5728 11916 11490 8578
892 3779 3655 2859 9252 1959 9593 6466 5032 9163 2036 5453 8192 7983 8722 7427 7544 1561 3598 7671 0 4447 4305 3081 4663 4237 1325
4593 7808 2016 6888 6567 5988 6908 3781 2347 6478 3299 2768 5507 5298 6037 4742 4859 3322 7627 4986 4447 0 1620 2504 8692 8266 5354
4451 7666 1874 6746 5485 5846 5826 2699 1265 5396 3157 1686 4425 4216 4955 3660 3777 3180 7485 3904 4305 1620 0 2362 8550 8124 5212
3227 6442 1712 5522 7309 4622 7650 4523 3089 7220 1933 3510 6249 6040 6779 5484 5601 1956 6261 5728 3081 2504 2362 0 7326 6900 3988
5137 1298 7900 3638 13497 4064 13838 10711 9277 13408 6281 9698 12437 12228 12967 11672 11789 5806 2837 11916 4663 8692 8550 7326 0 1512 5158
4711 872 7474 3212 13071 3638 13412 10285 8851 12982 5855 9272 12011 11802 12541 11246 11363 5380 2411 11490 4237 8266 8124 6900 1512 0 4732
1799 4274 4562 3354 10159 2454 10500 7373 5939 10070 2943 6360 9099 8890 9629 8334 8451 2468 4093 8578 1325 5354 5212 3988 5158 4732 0